Best test accuracy: 0.9933

              precision    recall  f1-score   support

           0      0.991     0.998     0.994       980
           1      0.996     0.982     0.989      1135
           2      0.980     0.994     0.987      1032
           3      0.985     0.998     0.992      1010
           4      0.998     0.960     0.979       982
           5      1.000     0.983     0.992       892
           6      0.996     0.984     0.990       958
           7      0.998     0.973     0.985      1028
           8      0.943     0.999     0.970       974
           9      0.972     0.983     0.977      1009

    accuracy                          0.986     10000
   macro avg      0.986     0.986     0.986     10000
weighted avg      0.986     0.986     0.986     10000
