Best test accuracy: 0.8644

              precision    recall  f1-score   support

           0      0.691     0.240     0.356       400
           1      0.474     0.843     0.607       400
           2      0.914     0.845     0.878       400
           3      0.990     0.985     0.987       400
           4      0.897     0.912     0.905       400
           5      0.936     0.845     0.888       400
           6      0.933     0.940     0.936       400
           7      0.950     0.990     0.969       400
           8      0.846     0.978     0.907       400
           9      0.594     0.912     0.720       400
           A      0.973     0.980     0.976       400
           B      0.965     0.973     0.969       400
           C      0.975     0.970     0.972       400
           D      0.935     0.892     0.913       400
           E      0.963     0.983     0.973       400
           F      0.542     0.880     0.670       400
           G      0.942     0.940     0.941       400
           H      0.958     0.975     0.967       400
           I      0.682     0.637     0.659       400
           J      0.973     0.910     0.941       400
           K      0.985     0.975     0.980       400
           L      0.913     0.235     0.374       400
           M      0.965     0.975     0.970       400
           N      0.924     0.975     0.949       400
           O      0.530     0.915     0.672       400
           P      0.968     0.973     0.970       400
           Q      0.917     0.935     0.926       400
           R      0.928     0.993     0.959       400
           S      0.852     0.932     0.890       400
           T      0.932     0.927     0.930       400
           U      0.924     0.912     0.918       400
           V      0.910     0.940     0.925       400
           W      0.971     0.993     0.981       400
           X      0.987     0.968     0.977       400
           Y      0.917     0.855     0.885       400
           Z      0.852     0.953     0.900       400
           a      0.839     0.887     0.863       400
           b      0.948     0.907     0.927       400
           d      0.963     0.975     0.969       400
           e      0.975     0.973     0.974       400
           f      0.670     0.182     0.287       400
           g      0.863     0.458     0.598       400
           h      0.920     0.948     0.933       400
           n      0.925     0.922     0.924       400
           q      0.660     0.443     0.530       400
           r      0.937     0.925     0.931       400
           t      0.892     0.885     0.888       400

    accuracy                          0.864     18800
   macro avg      0.877     0.864     0.855     18800
weighted avg      0.877     0.864     0.855     18800
